Adobe After Effects 6.0 Keyframe Data

	Units Per Second	23.976
	Source Width	1920
	Source Height	1080
	Source Pixel Aspect Ratio	1
	Comp Pixel Aspect Ratio	1

Position
	Frame	X pixels	Y pixels	Z pixels
	0	958.001	459.226	0
	1	958.245	459.191	0
	2	958.307	459.117	0
	3	958.409	459.043	0
	4	958.449	458.988	0
	5	958.507	458.917	0
	6	958.563	458.845	0
	7	958.624	458.794	0
	8	958.689	458.752	0
	9	958.773	458.735	0
	10	958.841	458.727	0
	11	958.892	458.753	0
	12	958.915	458.799	0
	13	958.929	458.857	0
	14	958.943	458.901	0
	15	958.96	458.936	0
	16	958.971	458.967	0
	17	958.979	458.994	0
	18	958.99	459	0
	19	959	459	0

Scale
	Frame	X percent	Y percent	Z percent
	0	104.444	104.444	100
	1	104.365	104.365	100
	2	104.101	104.101	100
	3	103.857	103.857	100
	4	103.558	103.558	100
	5	103.242	103.242	100
	6	102.905	102.905	100
	7	102.575	102.575	100
	8	102.243	102.243	100
	9	101.936	101.936	100
	10	101.633	101.633	100
	11	101.352	101.352	100
	12	101.086	101.086	100
	13	100.839	100.839	100
	14	100.613	100.613	100
	15	100.415	100.415	100
	16	100.249	100.249	100
	17	100.119	100.119	100
	18	100.033	100.033	100
	19	100	100	100

Rotation
	Frame	Degrees
	0	0
	1	0
	2	0
	3	0
	4	0
	5	0
	6	0
	7	0
	8	0
	9	0
	10	0
	11	0
	12	0
	13	0
	14	0
	15	0
	16	0
	17	0
	18	0
	19	0

End of Keyframe Data
